[1,["36SHu9ffRFqJUbkt2fqpMA@6c48a","363Eujk/NDsYmLRumzkqYX@1f586","68JrSAYwBETZWjniegxHaj","363Eujk/NDsYmLRumzkqYX@fd7d6","363Eujk/NDsYmLRumzkqYX@438fe","363Eujk/NDsYmLRumzkqYX@989ed","363Eujk/NDsYmLRumzkqYX@b4251","363Eujk/NDsYmLRumzkqYX@6c359","363Eujk/NDsYmLRumzkqYX@cf5ee","a7YStUNeNCOKGpSntUY1g5"],["_parent","node","root","data","_mesh","_skeleton","_defaultClip","baseColorMap","mainTexture","shadeMap1","shadeMap2","specularMap","_effectAsset"],[["cc.Node",["_name","_prefab","_euler","_parent","_lrot","_lpos","_children","_components","_lscale"],2,4,5,1,5,5,2,9,5],["cc.Node",["_name","_children","_prefab","_lpos","_lrot","_euler","_parent"],2,12,4,5,5,5,1],["cc.Node",["_name","_parent","_children","_prefab","_lpos","_lrot","_euler","_lscale"],2,1,9,4,5,5,5,5],["cc.Prefab",["_name"],2],["cc.SkeletalAnimation",["node","__prefab","_clips","_defaultClip"],3,1,4,3,6],["cc.CompPrefabInfo",["fileId"],2],["cc.PrefabInfo",["fileId","root","asset"],2,1,1],["cc.SkinnedMeshRenderer",["node","__prefab","_materials","lightmapSettings","_skinningRoot","_mesh","_skeleton"],3,1,4,3,4,1,6,6],["cc.ModelLightmapSettings",[],3],["cc.Skeleton",["_name","_hash","_joints","_bindposes"],0,12],["cc.Mesh",["_native","_hash","_struct"],1,11],["cc.Material",["_states","_defines","_props"],1,12]],[[6,0,1,2,2],[0,0,3,6,1,5,4,2,2],[2,0,1,2,3,4,5,6,2],[0,0,3,1,5,2],[0,0,3,1,5,2,2],[0,0,6,1,5,4,2,2],[0,0,3,1,5,4,8,2,2],[1,0,6,1,2,3,4,5,2],[0,0,3,1,5,4,2,2],[2,0,1,2,3,4,5,7,6,2],[5,0,2],[3,0,2],[0,0,6,7,1,2],[0,0,6,1,4,2,2],[0,0,3,6,1,2],[0,0,3,7,1,4,2,2],[0,0,3,6,1,5,4,8,2,2],[1,0,1,2,3,4,5,2],[4,0,1,2,3,1],[7,0,1,2,3,4,5,6,1],[8,1],[9,0,1,2,3,4],[10,0,1,2,3],[11,0,1,2,3]],[[[[11,"role"],[12,"role",[-3],[[18,-2,[10,"79WGHrqChZO7MhLcJbyNUU"],[3,4,5,6,7],8]],[0,"53gQQIF+FatKdWpKldNDpJ",-1,0]],[13,"Bip001 Pelvis",[-4,-5,-6,-7,-8],[0,"a07rAm7MdUhr7fStvPgLnF",1,0],[3,-0.41188171100388316,-0.5147662708143204,-0.4834640574536997,0.5758746805710746],[1,-78.75771397844046,-89.85222129496063,-7.630486924094422]],[17,"Bip001 Head",[[[3,"Bip001 HeadNub",-9,[0,"ccm6YpYhdbfInGPe+vYaWk",1,0],[1,0.135930821299553,-2.38418573772492e-9,-5.55111499904869e-19]],-10,-11,-12],4,1,1,1],[0,"492pp57iJdFLXevM7ubGzB",1,0],[1,0.0129182813689113,5.32907039908674e-17,4.76837147544984e-9],[3,0.3559750324072336,-0.053677298212219435,-0.21076545152117085,0.9088335647435029],[1,43.51214722523949,3.317809274738588,-24.91776247669051]],[1,"Bip001 Spine",2,[-13,-14,-15],[0,"6adMEGiURXdZ2F1NkwO+mH",1,0],[1,0.0206464007496834,0.000459729431895539,0.00273958081379533],[3,-0.2682870387474789,-0.0506546992781517,0.16400951508054978,0.947922489048652],[1,-31.52066107625393,-0.48889624844361557,19.762169495502985]],[5,"Bip001 Neck",[-16,-17,3],[0,"aazpHWQWxbwYAzaLrXZmfI",1,0],[1,0.06485465914011,-0.00720170000568032,-7.15255721317476e-9],[3,0.006708406793550155,-0.04889848419563443,0.13654124635638185,0.9894040749689215],[1,1.5845054450062264,-5.876335477710025,15.636471748776113]],[5,"Bip001 L Hand",[-18,-19,-20],[0,"ceXOSN1fpW1K/SB2LDUEJg",1,0],[1,0.0477479733526707,0,1.90734859017994e-8],[3,-0.5294900446039947,0.0490852623239158,0.07881113007075932,0.8432198618775663],[1,-64.64262464718085,9.600993603361276,4.642018691273672]],[7,"gongjian",6,[[-21,-22,[3,"gongjian_la",-23,[0,"acUHj3ic1fgLGO+bYl5Spz",1,0],[1,-0.0612875334918499,0.000164525510626845,-0.000146636957651936]]],1,1,4],[0,"d3Xsegxt9WIY1rg1lfw4Bx",1,0],[1,0.0219213478267193,0.00943145714700222,-0.000834126432891935],[3,-0.6830571674254313,0.23082719014591663,-0.20206187027606837,0.6628142386058287],[1,-91.04338711627624,2.11303070546733,-35.67559847940418]],[14,"RootNode",1,[-24,-25],[0,"19/+E2KiZRmb4yuDgcMWZX",1,0]],[7,"Bip001",8,[[[8,"Bip001 Footsteps",-26,[0,"a8zaFD8+RcO7dlTO8zArEq",1,0],[1,0.00578802870586514,0.0344484522938728,-0.181434854865074],[3,0.05357651611095823,-0.07839910431516688,0.7174669867307766,0.6900900378323479],[1,100.70887499921847,-102.72951374421514,79.0619560316228]],2],4,1],[0,"94VrgC3pFT0J7whOQEQZQp",1,0],[1,-0.00329751730896533,0.192917972803116,-0.00498224701732397],[3,0.5258516621262591,0.4518892425763995,0.5627623149035792,-0.4500830132399396],[1,-100.75060063529376,-92.3974479605488,-1.7951469034733716]],[7,"Bip001 Spine1",4,[[5,[8,"jiantong",-27,[0,"e6vDO5Ga5fAo/NqsM8WFFY",1,0],[1,0.0268347933888435,-0.045480340719223,-0.00330258952453732],[3,0.7107517879682136,0.7034428874469623,2.3353869055005843e-7,-4.617560127450711e-7],[1,-179.9945402142028,-0.005441293450126157,89.40776834555899]]],1,4],[0,"91dNw8m9hSmpsfzMakVg8V",1,0],[1,0.0416589342057705,-0.0000406074505008291,0.000014715194083692],[3,-0.17596529771862365,0.1570103348521229,0.006703403445158616,0.9717710806206737],[1,-20.145674291905873,17.92608948364998,-2.4202283889384564]],[5,"Bip001 L UpperArm",[-28,-29],[0,"a5Xjpo1vJSNJwBrzmX9FP9",1,0],[1,0.0327766798436642,8.88178399847791e-18,-3.55271359939116e-17],[3,-0.11273205739824561,0.22350200444598922,-0.05098458995426971,0.9668189638347908],[1,-11.384695030276903,25.177519198400017,-8.567671121148008]],[5,"Bip001 R UpperArm",[-30,-31],[0,"d2jrWBb0tYQ6z8Yj/GbSYT",1,0],[1,0.0327766947448254,-8.88178399847791e-18,-3.55271359939116e-17],[3,-0.1634690773856848,-0.3457701530227791,-0.23175117547712387,0.8944340415493187],[1,-28.34552184959575,-46.73549476501521,-17.549330884336477]],[5,"Bip001 R Hand",[-32,-33],[0,"41N0GAOkdf0LyB6ZJFzXu8",1,0],[1,0.0477479547262192,8.88178399847791e-18,0],[3,0.8284742991230722,0.05632721368324538,-0.08340465437550017,0.5509094701670317],[1,112.74636159813639,11.552153127868277,0.08218909658081684]],[15,"role01",8,[[19,-34,[10,"20c3TnjUFWk7t0suqQt1MH"],[0],[20],1,1,2]],[0,"7d1kitLBlTuKe4icjx/p+d",1,0],[3,-0.7071067811865476,0,0,0.7071067811865476],[1,-90.00000000000003,0,0]],[1,"Bip001 L Clavicle",5,[11],[0,"22NMWuFO1UPKkWkDv8PLBX",1,0],[1,-0.00955802854150534,0.00615513790398836,0.0138386720791459],[3,0.5661953293859575,0.0081105337581238,0.8085269024681724,0.16012906110043884],[1,169.94422904616937,-108.61772347055353,15.552521643044653]],[1,"Bip001 L Forearm",11,[6],[0,"97GGzhTltdt50AAfk+ZVdv",1,0],[1,0.0550516210496426,3.27825544488292e-9,0],[3,-2.6443479855382318e-17,8.432932520356407e-18,-0.303828414050541,0.9527267681846316],[1,-3.1805546814635176e-15,2.165333836747666e-31,-35.37538474967817]],[1,"Bip001 L Finger0",6,[-35],[0,"76YBDPvMpYW73AeeATNg2V",1,0],[1,0.0104071516543627,0.00811965949833393,-0.0145578002557158],[3,0.7119851590937232,0.582506349012364,-0.021799914179169717,0.39152043411851756],[1,91.45404471531172,56.66614664103358,54.33123516037301]],[2,"Bip001 L Finger01",17,[[4,"Bip001 L Finger0Nub",-36,[0,"faZr5hOKRVaZd0/EWEFx5g",1,0],[1,0.00976494792848825,-1.90734859017994e-8,9.53674295089968e-9],[1,-0.000001280660469377386,3.1805546814634477e-15,0.0000017075472925031922]]],[0,"e5T12HQDpclotG89ToKPjJ",1,0],[1,0.0117669673636556,1.77635679969558e-17,0],[3,7.374334765405078e-9,-2.9114864573145032e-8,0.6941320154128777,0.7198477236046908],[1,0.00008041866626945415,-0.00008218055941118655,87.91618070384149]],[1,"Bip001 L Finger1",6,[-37],[0,"25JgcNZYRb6pMePKDhT9C9",1,0],[1,0.0274492166936398,1.90734859017994e-8,7.15255721317476e-9],[3,-0.0717021895071044,-0.004192713168595447,0.23138061089519452,0.970208343644776],[1,-8.83495553219217,1.606712063317356,26.716487136186014]],[2,"Bip001 L Finger11",19,[[3,"Bip001 L Finger1Nub",-38,[0,"dchlRn3zZYzK2GBMbwWmG9",1,0],[1,0.0161713026463985,-1.77635679969558e-17,0]]],[0,"d1DCeEdxhXhoCT7WKEr5FB",1,0],[1,0.00906061194837093,0,-9.53674295089968e-9],[3,-1.0410782773148303e-8,1.6241691816324286e-9,0.5896596490830096,0.8076518422212023],[1,-0.0000035234845735766203,0.0000028029066950733053,72.26571917433566]],[1,"Bone004",7,[-39],[0,"deV8+oV49btqKdU3E6eo+S",1,0],[1,0.0182538609951735,-0.0366633608937263,0.0000851821896503679],[3,-0.5771071315413661,0.8166684509175495,1.1678396562128313e-7,1.1362093489472521e-7],[1,-0.000055235869578761776,179.9999450241842,-70.49465970040596]],[2,"Bone005",21,[[4,"Bone006",-40,[0,"e6e+F+2cNdF62WoT5En6EP",1,0],[1,0.0916164070367813,-4.76837147544984e-9,0],[1,-0.0000017075472940934703,8.537736494321489e-7,2.1344339884068007e-7]]],[0,"2fNfpU5vNZjp4zJzKpijZR",1,0],[1,0.0758006572723389,9.53674295089968e-9,3.55271359939116e-17],[3,-2.1304746616982675e-18,2.7673688866335737e-17,0.07675843914037275,0.9970497189311742],[1,-4.9263334705939e-16,3.218480339603523e-15,8.804529525990462]],[1,"Bone001",7,[-41],[0,"96zcHeBq5SLqPKyX6e3jzB",1,0],[1,0.0182539355009794,0.0358551815152168,0.0000231552112381905],[3,-3.0667607123647485e-8,2.406269459493996e-7,0.8166684509175363,0.5771071315413566],[1,-179.9999264835197,179.9999437456731,70.4946597004027]],[2,"Bone002",23,[[4,"Bone003",-42,[0,"2fTfFs4qRcDLZvQ9UcucHk",1,0],[1,0.0916164219379425,0,-1.90734859017994e-8],[1,8.53773748029344e-7,-1.590277340731394e-15,-0.000003415094992117375]]],[0,"0a7PGIZNBXAI6a8Kt18TN4",1,0],[1,0.0758006349205971,4.76837147544984e-9,-3.55271359939116e-17],[3,8.572389659312265e-9,-1.4285302302375523e-8,0.07675842717202884,0.997049719852564],[1,0.00000111825418276081,-0.0000017279083078136657,8.804528150461064]],[9,"Bone036",11,[[4,"Bone037",-43,[0,"bbhG+6nWpcvZI+0gn4o7sX",1,0],[1,0.0357487015426159,-3.81469718035987e-8,1.19209286886246e-9],[1,-0.000001280660831960625,0.0000010672170450923283,0.000017075472913104722]]],[0,"04NL67c0hRQaCzFzZ6zPCY",1,0],[1,-0.0153351780027151,0.000575111771468073,0.00216014846228063],[3,-0.10429020824382267,0.6744823956995338,0.7265794175002394,0.07924266793142745],[1,-1,-1,-1],[1,-94.45140249452582,165.01713963298593,-1.4630139637417752]],[1,"Bip001 R Clavicle",5,[12],[0,"92+W/AD9NTpJ22PPV19JL4",1,0],[1,-0.0120875928550959,0.00615721708163619,-0.0116931581869721],[3,-0.5729326774711935,0.18192968308858776,0.7989430067053538,0.018433923445228546],[1,-161.5217089727678,110.39224133396661,-10.312194326189497]],[1,"Bip001 R Forearm",12,[13],[0,"f7pJVZRxNe6o3hcQOrRQAX",1,0],[1,0.055051650851965,0,0],[3,-1.4531792799588405e-17,-4.773821002011129e-19,-0.2667755709822321,0.9637586807531768],[1,-1.8882327177039918e-15,-5.794379149867945e-16,-30.944968501144903]],[1,"Bip001 R Finger0",13,[-44],[0,"e5KRuCMKxRVKFez93wlTXR",1,0],[1,0.0104071516543627,0.00811965949833393,0.0145577900111675],[3,0.7762453660577475,0.5710201936358552,-0.023216957538997718,-0.26615792871259053],[1,-118.06735524579193,-37.688234661960145,64.0089240041166]],[2,"Bip001 R Finger01",28,[[6,"Bip001 R Finger0Nub",-45,[0,"89+o1OsS1S4Zu7HddEZnGD",1,0],[1,0.00976493768393993,6.66133799885843e-18,-9.53674295089968e-9],[3,-1.4901162970204496e-8,-1.1175871783564197e-8,0.9999999999999998,-2.2776583602770093e-16],[1,-1,-1,-1],[1,179.99999871933943,179.99999829245252,-7.016710363014044e-15]]],[0,"c49XY8H/NceoN3913E/Gm3",1,0],[1,0.0117669580504298,-9.53674295089968e-9,9.53674295089968e-9],[3,-1.4270028822727789e-8,1.1971259630237685e-8,0.2272718119018824,0.973831362975559],[1,-0.0000021235825134020004,0.0000019042678440892347,26.273009861417382]],[1,"Bip001 R Finger1",13,[-46],[0,"65lw6hmZZaKqNFe8ykvEVk",1,0],[1,0.0274491924792528,0,0],[3,-0.11337888446204104,0.044974067131802804,0.26157448169583625,0.9574452216024275],[1,-16.03172575313049,9.60820149720189,29.385828691128477]],[2,"Bip001 R Finger11",30,[[6,"Bip001 R Finger1Nub",-47,[0,"74xWnas1leQ55kPoL6aiOH",1,0],[1,0.0161713026463985,1.90734859017994e-8,4.76837147544984e-9],[3,2.2351743567128294e-8,7.450581485102248e-9,0.9999999999999998,-2.2776583602770093e-16],[1,-1,-1,-1],[1,-179.99999914622626,-179.99999743867886,-7.016710363014128e-15]]],[0,"a2p05CiJxXKoPOod15e+ii",1,0],[1,0.00906063057482243,-1.77635679969558e-17,-9.53674295089968e-9],[3,6.707748457314503e-17,-5.4988862107299214e-17,0.564902715975743,0.8251575131350551],[1,2.7371499185132622e-14,-2.6374956685872634e-14,68.7910720130519]],[2,"Bone034",12,[[4,"Bone035",-48,[0,"85h7tBgShaKJjTHRf16/ZD",1,0],[1,0.035748690366745,-3.81469718035987e-8,4.76837147544984e-9],[1,8.537742569180808e-7,-0.0000025613208369770997,0.00001366037832094207]]],[0,"88G2T2DTVTL5Ltbdg50qIG",1,0],[1,-0.0152791207656264,0.000579118728637695,-0.00220670690760016],[3,0.7251697927476314,0.11207805803877634,-0.0998686200007567,0.6720070976795991],[1,94.11271067382081,17.19331129101805,1.623200363856074]],[16,"Bone010",3,[-49],[0,"96XDRjW4dd/YzeIMzkrwNS",1,0],[1,0.0411374643445015,0.0261448547244072,-0.0469603016972542],[3,0.8239252528540238,-0.002338021982640847,-0.04271105656801469,0.5650818321353865],[1,-1,-1,-1],[1,111.21360758559376,3.8894333819385167,-2.987793011844311]],[2,"Bone011",33,[[4,"Bone012",-50,[0,"f4qZYLN1FdfZXth+FW2gKW",1,0],[1,0.0205552484840155,-1.90734859017994e-8,0],[1,-2.1344346245177314e-7,0.0000017075472956837482,0.000001707547289322637]]],[0,"380ko81aFQhqACqET3tQGp",1,0],[1,0.036371536552906,1.52587887214395e-7,0],[3,-0.03272386361747892,-0.12125723412136162,-0.11503075393539615,0.9853901550006658],[1,-5.432992586412846,-14.632538004431057,-12.636466786699307]],[1,"Bone007",3,[-51],[0,"b1Ax+eTT1eU72NQpEW/qgK",1,0],[1,0.0411375425755978,0.0261447299271822,0.0476522371172905],[3,-0.002105982453361943,0.8243532560962934,0.5653290600556036,0.02898840902831019],[1,-68.84131164082963,177.12276724489638,1.679226346426385]],[2,"Bone008",35,[[3,"Bone009",-52,[0,"7bDTuPfIpZqI8PMVVx5TNH",1,0],[1,0.0205552484840155,-1.43051144263495e-8,0]]],[0,"f7EhN64/xX2L9Xz+ZKnWZl",1,0],[1,0.036371573805809,1.47819520179837e-7,4.76837147544984e-9],[3,-0.03336302913742696,-0.11627139818318101,-0.10620942640729651,0.986958675930019],[1,-5.3050287900542905,-13.979308503730953,-11.647520301806278]],[1,"Bone013",3,[-53],[0,"482D0lKAlU44r6T5ccFVYz",1,0],[1,0.128006279468536,-0.0440858751535416,-3.99351094415579e-8],[3,0.7465339344424222,-0.6653473414132212,-2.6501567309989997e-7,-4.5326484861496263e-7],[1,-179.99948544882534,0.0004992724349679677,-83.4179559941205]],[1,"Bone014",37,[-54],[0,"bfQC2NPu9ZUaBzjUvWSqM4",1,0],[1,0.0254773609340191,0,5.9604643443123e-10],[3,0.009558563164093922,-0.018773278306787176,0.44150835476255884,0.8970097940193922],[1,3.1647354301685353,-3.953601755491472,52.34614090196158]],[1,"Bone015",38,[-55],[0,"98NWveNhFbIbIJb7KYb0QN",1,0],[1,0.0330680459737778,2.67028809730618e-7,0],[3,0.004587434843915747,-0.016105972743092622,0.2617620909087224,0.9649871298865315],[1,1.1475624782430163,-2.223486070411442,30.334427729760442]],[2,"Bone016",39,[[3,"Bone017",-56,[0,"49BBBm4jxYeafe+jJHbdvm",1,0],[1,0.050360944122076,2.38418564890708e-8,4.44089199923895e-18]]],[0,"3fx09ETm1fUaPU8Nt+BVos",1,0],[1,0.0445983484387398,-1.90734859017994e-8,0],[3,-0.00018519483208176904,0.0007019976012660881,0.24774835915926283,0.9688241447425509],[1,-0.04615578877419231,0.09483454098800634,28.688597387852138]],[1,"Bip001 L Thigh",4,[-57],[0,"f2QDDqKBNRToQm5bCW8PS/",1,0],[1,-0.0193801298737526,-0.00792174786329269,0.0253005493432283],[3,0.14331308233556944,0.955216065232557,0.1684644248863025,-0.19657916141045378],[1,-22.743333294920696,-154.32455665540792,11.979208480088715]],[1,"Bip001 L Calf",41,[-58],[0,"ffcSLP3VdaWocUOLvAaLXH",1,0],[1,0.0852524265646935,1.19209286886246e-9,-4.76837147544984e-9],[3,-4.933279666767018e-18,1.1495415316569616e-17,-0.18160713219982935,0.9833711657020221],[1,-3.3904918925624247e-16,1.2769377989103662e-15,-20.9267694397257]],[1,"Bip001 L Foot",42,[-59],[0,"58Ot7FlHZS1KU0EcLfHkEv",1,0],[1,0.0870854929089546,-4.76837147544984e-9,8.88178399847791e-18],[3,-0.09186316077550341,-0.11178604265155968,0.16106782495909178,0.9762797734889243],[1,-8.751622514270878,-11.551556626992117,19.574517776043002]],[2,"Bip001 L Toe0",43,[[6,"Bip001 L Toe0Nub",-60,[0,"a06wWBWORSL6qD36Gh0n0R",1,0],[1,0.0134100401774049,1.11022299980974e-18,8.88178399847791e-18],[3,6.51925713412993e-9,-1.90819582357449e-17,1,-6.12323426292584e-17],[1,-1,-1,-1],[1,180,-179.99999925294816,-7.016709618966215e-15]]],[0,"744oHb7oNfzZB8vh9d3K+3",1,0],[1,0.0277349539101124,0.0302937887609005,-4.76837147544984e-9],[3,-0.025492170813628794,-0.050592519319139696,0.7613292332888525,0.6458857056445507],[1,164.63853394093493,-170.8281941896277,80.41606716990543]],[1,"Bip001 R Thigh",4,[-61],[0,"4atT+IVFRcPJ7XqDkDzCmZ",1,0],[1,-0.0198341552168131,0.0217791311442852,-0.022815827280283],[3,0.35681909133035355,0.9231584023033228,0.12957571378006535,-0.06057090652568955],[1,-21.645195534130888,-164.5265701254001,40.02367186753153]],[1,"Bip001 R Calf",45,[-62],[0,"24teOtFntf8pbUwTfjEUiJ",1,0],[1,0.085252434015274,-4.76837147544984e-9,4.76837147544984e-9],[3,-2.326678356044047e-18,-1.01449559345523e-17,-0.2235398025163153,0.9746948018179674],[1,-5.774524361968974e-16,-1.3251429246704117e-15,-25.834056298887603]],[1,"Bip001 R Foot",46,[-63],[0,"94ZpQSzW1bb77lCTxfRTt/",1,0],[1,0.0870855003595352,2.38418573772492e-9,0],[3,0.02997536691124248,0.06035928267334049,0.016259822561196076,0.9975940319308122],[1,3.31820740219733,6.8650401827345195,2.066533100019784]],[2,"Bip001 R Toe0",47,[[3,"Bip001 R Toe0Nub",-64,[0,"6fE9yrZLZVUbc0YMMh6sAy",1,0],[1,0.0134100383147597,1.49011608607807e-10,4.76837147544984e-9]]],[0,"bfJfQdFRZZqbk//rlpsLVu",1,0],[1,0.0277349520474672,0.030293783172965,0],[3,0.007997451497218587,0.010018445735700465,0.7311307922398207,0.6821168786603677],[1,-176.9084969183537,178.36921606440907,86.02430541215986]],[1,"Bone026",2,[-65],[0,"a5UhBAwRBRxIyD5pq+W6I7",1,0],[1,0.0240886304527521,0.00408209068700671,0.0400853343307972],[3,0.2706618233150323,-0.03944831603454375,0.9618442384989928,0.006455124174905528],[1,175.44685530872644,-148.58727873527968,-0.5120396190641077]],[1,"Bone027",49,[-66],[0,"05nko8/HFc1678YDvBQ89e",1,0],[1,0.0396637804806232,-2.98023217215615e-10,3.81469718035987e-8],[3,0.018787115656702998,0.07420205263432623,0.007369437659591451,0.9970390118038189],[1,2.0845869379100193,8.494261702221902,1.0017714166420786]],[2,"Bone028",50,[[4,"Bone029",-67,[0,"232YZRJVdTB5ip3iEv1ZAP",1,0],[1,0.0245457552373409,2.38418573772492e-9,-1.77635679969558e-17],[1,0.0000014941035119959447,0.0000017075473513434853,0.000011099057423534569]]],[0,"d2Dajed7FdcqCQHbIjep3E",1,0],[1,0.0279480833560228,-1.19209286886246e-9,-9.53674295089968e-9],[3,-0.10935427902891212,0.040012560453148834,0.03352197976935917,0.992631307956984],[1,-12.717702067885426,4.985997474090513,3.31347645437607]],[1,"Bone018",2,[-68],[0,"84BdSFhVFVLbHg2ic8cTVB",1,0],[1,0.023502329364419,0.0293499100953341,-4.88758082894947e-8],[3,0.14630493326287933,0.7026693131059562,0.681420555550548,0.1432366203012722],[1,-88.2159828420685,179.88082668033962,23.629246064476334]],[1,"Bone019",52,[-69],[0,"d4/OgHoG5RqrnN5AJX2hum",1,0],[1,0.0404335185885429,5.9604643443123e-10,0],[3,0.0013366165795846018,0.07999474550526303,0.016056539481329613,0.9966650599311446],[1,0.005471178899228581,9.17763314608882,1.8463797363486667]],[2,"Bone020",53,[[3,"Bone021",-70,[0,"35ETd8muZTZ7ksuqRfythU",1,0],[1,0.022596187889576,5.9604643443123e-10,-9.53674295089968e-9]]],[0,"19GIb7eqtcpp7AVrMgyxvp",1,0],[1,0.0290823075920343,-5.55111499904869e-19,-1.62124635494365e-7],[3,0.9924123545226176,0.009901002306870207,-0.12254835983849306,-0.0012602559618490352],[1,-179.9957200701034,14.079059301418095,1.1437363074404392]],[1,"Bone030",2,[-71],[0,"54CmsI0tRUV6NXdEL61m9v",1,0],[1,0.0249930750578642,-0.0320177488029003,1.19209289550781e-7],[3,0.20170812311947356,-0.6777257324326501,0.688682377446267,-0.16036909821160925],[1,91.9736979692258,-176.01228101496932,-29.623095583184117]],[1,"Bone031",55,[-72],[0,"01rWynwcNW649acIcn6Ezx",1,0],[1,0.0334529504179955,-1.49011608607807e-10,0],[3,0.0009400331735217041,0.1194288726903305,0.007677341787457989,0.9928126304236002],[1,0.0018772954047025826,13.718682532659683,0.8863356272128574]],[2,"Bone032",56,[[4,"Bone033",-73,[0,"1dwD+P5P5dk5Ujf7hMwjpQ",1,0],[1,0.026835735887289,-2.98023217215615e-10,0],[1,0.000004682415031994313,-0.000004268867626356211,0.000005122641295965036]]],[0,"adWjAeYPVZ5LsebYZdtAwp",1,0],[1,0.0296579729765654,-5.9604643443123e-10,1.77635679969558e-17],[3,0.00004792479783835246,0.06475918054222536,0.0007008544699147011,0.9979006739359008],[1,0.0002793088253130295,7.42605378198598,0.0804990747510073]],[1,"Bone022",2,[-74],[0,"11DCxooHJY25nZzWnQxMnZ",1,0],[1,0.0240887068212032,0.0038597893435508,-0.0400852859020233],[3,0.025910414232545993,0.966363708547948,-0.029627324415484824,0.254149670241246],[1,4.041270829948719,150.45942841122292,2.0068064191986204]],[1,"Bone023",58,[-75],[0,"0di2ObqNBY9YsjH2BhL18H",1,0],[1,0.0396552830934525,2.22044599961948e-18,-9.53674295089968e-9],[3,-0.010654713291181766,0.093121337217754,0.019396348405669766,0.9954087980864876],[1,-1.4234130763293438,10.715107429308716,2.099227174285076]],[9,"Bone024",59,[[3,"Bone025",-76,[0,"1fRjZzqE9fKKBhxmIvVfNk",1,0],[1,0.0245457552373409,-4.44089199923895e-18,1.77635679969558e-17]]],[0,"69T3QOzgpd8Z165MovpXR3",1,0],[1,0.027948159724474,0,4.76837129781416e-8],[3,0.11041045391904174,0.055872322156112264,-0.020506568630073538,0.992102462412676],[1,1,1,0.999998986721039],[1,12.7946526963822,6.628820765399839,-1.6246365596755872]]],0,[0,2,1,0,1,1,0,-1,8,0,-1,4,0,-2,49,0,-3,52,0,-4,55,0,-5,58,0,0,3,0,-2,33,0,-3,35,0,-4,37,0,-1,10,0,-2,41,0,-3,45,0,-1,15,0,-2,26,0,-1,17,0,-2,19,0,-3,7,0,-1,21,0,-2,23,0,0,7,0,-1,14,0,-2,9,0,0,9,0,0,10,0,-1,16,0,-2,25,0,-1,27,0,-2,32,0,-1,28,0,-2,30,0,1,14,0,-1,18,0,0,18,0,-1,20,0,0,20,0,-1,22,0,0,22,0,-1,24,0,0,24,0,0,25,0,-1,29,0,0,29,0,-1,31,0,0,31,0,0,32,0,-1,34,0,0,34,0,-1,36,0,0,36,0,-1,38,0,-1,39,0,-1,40,0,0,40,0,-1,42,0,-1,43,0,-1,44,0,0,44,0,-1,46,0,-1,47,0,-1,48,0,0,48,0,-1,50,0,-1,51,0,0,51,0,-1,53,0,-1,54,0,0,54,0,-1,56,0,-1,57,0,0,57,0,-1,59,0,-1,60,0,0,60,0,3,1,2,0,9,3,0,5,5,0,10,6,0,16,11,0,15,12,0,26,13,0,27,76],[0,0,0,0,0,0,0,0,0],[-1,4,5,-1,-2,-3,-4,-5,6],[2,3,4,1,5,6,7,8,1]],[[[21,"Skin-0",4204571687,["RootNode/Bip001/Bip001 Pelvis/Bip001 Spine/Bip001 R Thigh/Bip001 R Calf/Bip001 R Foot","RootNode/Bip001/Bip001 Pelvis/Bip001 Spine/Bip001 R Thigh/Bip001 R Calf/Bip001 R Foot/Bip001 R Toe0","RootNode/Bip001/Bip001 Pelvis/Bip001 Spine/Bip001 L Thigh/Bip001 L Calf/Bip001 L Foot","RootNode/Bip001/Bip001 Pelvis/Bip001 Spine/Bip001 R Thigh/Bip001 R Calf","RootNode/Bip001/Bip001 Pelvis/Bip001 Spine/Bip001 R Thigh","RootNode/Bip001/Bip001 Pelvis/Bip001 Spine/Bip001 L Thigh","RootNode/Bip001/Bip001 Pelvis/Bip001 Spine/Bip001 L Thigh/Bip001 L Calf","RootNode/Bip001/Bip001 Pelvis/Bip001 Spine","RootNode/Bip001/Bip001 Pelvis","RootNode/Bip001/Bip001 Pelvis/Bip001 Spine/Bip001 Spine1","RootNode/Bip001","RootNode/Bip001/Bip001 Pelvis/Bip001 Spine/Bip001 Spine1/Bip001 Neck/Bip001 Head","RootNode/Bip001/Bip001 Pelvis/Bip001 Spine/Bip001 Spine1/jiantong","RootNode/Bip001/Bip001 Pelvis/Bip001 Spine/Bip001 Spine1/Bip001 Neck","RootNode/Bip001/Bip001 Pelvis/Bip001 Spine/Bip001 Spine1/Bip001 Neck/Bip001 R Clavicle","RootNode/Bip001/Bip001 Pelvis/Bip001 Spine/Bip001 Spine1/Bip001 Neck/Bip001 R Clavicle/Bip001 R UpperArm","RootNode/Bip001/Bip001 Pelvis/Bip001 Spine/Bip001 Spine1/Bip001 Neck/Bip001 R Clavicle/Bip001 R UpperArm/Bone034","RootNode/Bip001/Bip001 Pelvis/Bip001 Spine/Bip001 Spine1/Bip001 Neck/Bip001 R Clavicle/Bip001 R UpperArm/Bone034/Bone035","RootNode/Bip001/Bip001 Pelvis/Bip001 Spine/Bip001 Spine1/Bip001 Neck/Bip001 L Clavicle","RootNode/Bip001/Bip001 Pelvis/Bip001 Spine/Bip001 Spine1/Bip001 Neck/Bip001 Head/Bone013/Bone014/Bone015/Bone016/Bone017","RootNode/Bip001/Bip001 Pelvis/Bip001 Spine/Bip001 Spine1/Bip001 Neck/Bip001 Head/Bone010/Bone011","RootNode/Bip001/Bip001 Pelvis/Bip001 Spine/Bip001 Spine1/Bip001 Neck/Bip001 Head/Bone010/Bone011/Bone012","RootNode/Bip001/Bip001 Pelvis/Bone018","RootNode/Bip001/Bip001 Pelvis/Bone022","RootNode/Bip001/Bip001 Pelvis/Bone030","RootNode/Bip001/Bip001 Pelvis/Bone030/Bone031","RootNode/Bip001/Bip001 Pelvis/Bone018/Bone019","RootNode/Bip001/Bip001 Pelvis/Bone022/Bone023","RootNode/Bip001/Bip001 Pelvis/Bone022/Bone023/Bone024","RootNode/Bip001/Bip001 Pelvis/Bone022/Bone023/Bone024/Bone025","RootNode/Bip001/Bip001 Pelvis/Bone030/Bone031/Bone032","RootNode/Bip001/Bip001 Pelvis/Bone030/Bone031/Bone032/Bone033","RootNode/Bip001/Bip001 Pelvis/Bone018/Bone019/Bone020","RootNode/Bip001/Bip001 Pelvis/Bone018/Bone019/Bone020/Bone021","RootNode/Bip001/Bip001 Pelvis/Bip001 Spine/Bip001 Spine1/Bip001 Neck/Bip001 Head/Bone013","RootNode/Bip001/Bip001 Pelvis/Bip001 Spine/Bip001 Spine1/Bip001 Neck/Bip001 Head/Bone013/Bone014","RootNode/Bip001/Bip001 Pelvis/Bip001 Spine/Bip001 Spine1/Bip001 Neck/Bip001 Head/Bone013/Bone014/Bone015","RootNode/Bip001/Bip001 Pelvis/Bip001 Spine/Bip001 Spine1/Bip001 Neck/Bip001 Head/Bone013/Bone014/Bone015/Bone016","RootNode/Bip001/Bip001 Pelvis/Bip001 Spine/Bip001 L Thigh/Bip001 L Calf/Bip001 L Foot/Bip001 L Toe0","RootNode/Bip001/Bip001 Pelvis/Bip001 Spine/Bip001 Spine1/Bip001 Neck/Bip001 L Clavicle/Bip001 L UpperArm","RootNode/Bip001/Bip001 Pelvis/Bip001 Spine/Bip001 Spine1/Bip001 Neck/Bip001 L Clavicle/Bip001 L UpperArm/Bone036","RootNode/Bip001/Bip001 Pelvis/Bip001 Spine/Bip001 Spine1/Bip001 Neck/Bip001 L Clavicle/Bip001 L UpperArm/Bone036/Bone037","RootNode/Bip001/Bip001 Pelvis/Bip001 Spine/Bip001 Spine1/Bip001 Neck/Bip001 Head/Bone007/Bone008","RootNode/Bip001/Bip001 Pelvis/Bip001 Spine/Bip001 Spine1/Bip001 Neck/Bip001 Head/Bone007/Bone008/Bone009","RootNode/Bip001/Bip001 Pelvis/Bone026","RootNode/Bip001/Bip001 Pelvis/Bone026/Bone027","RootNode/Bip001/Bip001 Pelvis/Bone026/Bone027/Bone028","RootNode/Bip001/Bip001 Pelvis/Bone026/Bone027/Bone028/Bone029","RootNode/Bip001/Bip001 Pelvis/Bip001 Spine/Bip001 Spine1/Bip001 Neck/Bip001 Head/Bone010","RootNode/Bip001/Bip001 Pelvis/Bip001 Spine/Bip001 Spine1/Bip001 Neck/Bip001 Head/Bone007","RootNode/Bip001/Bip001 Pelvis/Bip001 Spine/Bip001 Spine1/Bip001 Neck/Bip001 L Clavicle/Bip001 L UpperArm/Bip001 L Forearm/Bip001 L Hand/gongjian/Bone004/Bone005","RootNode/Bip001/Bip001 Pelvis/Bip001 Spine/Bip001 Spine1/Bip001 Neck/Bip001 L Clavicle/Bip001 L UpperArm/Bip001 L Forearm/Bip001 L Hand/gongjian/Bone004/Bone005/Bone006","RootNode/Bip001/Bip001 Pelvis/Bip001 Spine/Bip001 Spine1/Bip001 Neck/Bip001 L Clavicle/Bip001 L UpperArm/Bip001 L Forearm/Bip001 L Hand/gongjian","RootNode/Bip001/Bip001 Pelvis/Bip001 Spine/Bip001 Spine1/Bip001 Neck/Bip001 L Clavicle/Bip001 L UpperArm/Bip001 L Forearm/Bip001 L Hand/gongjian/Bone004","RootNode/Bip001/Bip001 Pelvis/Bip001 Spine/Bip001 Spine1/Bip001 Neck/Bip001 L Clavicle/Bip001 L UpperArm/Bip001 L Forearm/Bip001 L Hand","RootNode/Bip001/Bip001 Pelvis/Bip001 Spine/Bip001 Spine1/Bip001 Neck/Bip001 L Clavicle/Bip001 L UpperArm/Bip001 L Forearm/Bip001 L Hand/Bip001 L Finger1","RootNode/Bip001/Bip001 Pelvis/Bip001 Spine/Bip001 Spine1/Bip001 Neck/Bip001 L Clavicle/Bip001 L UpperArm/Bip001 L Forearm/Bip001 L Hand/Bip001 L Finger1/Bip001 L Finger11","RootNode/Bip001/Bip001 Pelvis/Bip001 Spine/Bip001 Spine1/Bip001 Neck/Bip001 L Clavicle/Bip001 L UpperArm/Bip001 L Forearm/Bip001 L Hand/gongjian/gongjian_la","RootNode/Bip001/Bip001 Pelvis/Bip001 Spine/Bip001 Spine1/Bip001 Neck/Bip001 L Clavicle/Bip001 L UpperArm/Bip001 L Forearm/Bip001 L Hand/gongjian/Bone001/Bone002","RootNode/Bip001/Bip001 Pelvis/Bip001 Spine/Bip001 Spine1/Bip001 Neck/Bip001 L Clavicle/Bip001 L UpperArm/Bip001 L Forearm/Bip001 L Hand/gongjian/Bone001/Bone002/Bone003","RootNode/Bip001/Bip001 Pelvis/Bip001 Spine/Bip001 Spine1/Bip001 Neck/Bip001 L Clavicle/Bip001 L UpperArm/Bip001 L Forearm/Bip001 L Hand/gongjian/Bone001","RootNode/Bip001/Bip001 Pelvis/Bip001 Spine/Bip001 Spine1/Bip001 Neck/Bip001 R Clavicle/Bip001 R UpperArm/Bip001 R Forearm/Bip001 R Hand","RootNode/Bip001/Bip001 Pelvis/Bip001 Spine/Bip001 Spine1/Bip001 Neck/Bip001 R Clavicle/Bip001 R UpperArm/Bip001 R Forearm/Bip001 R Hand/Bip001 R Finger1","RootNode/Bip001/Bip001 Pelvis/Bip001 Spine/Bip001 Spine1/Bip001 Neck/Bip001 R Clavicle/Bip001 R UpperArm/Bip001 R Forearm/Bip001 R Hand/Bip001 R Finger1/Bip001 R Finger11","RootNode/Bip001/Bip001 Pelvis/Bip001 Spine/Bip001 Spine1/Bip001 Neck/Bip001 R Clavicle/Bip001 R UpperArm/Bip001 R Forearm","RootNode/Bip001/Bip001 Pelvis/Bip001 Spine/Bip001 Spine1/Bip001 Neck/Bip001 R Clavicle/Bip001 R UpperArm/Bip001 R Forearm/Bip001 R Hand/Bip001 R Finger0","RootNode/Bip001/Bip001 Pelvis/Bip001 Spine/Bip001 Spine1/Bip001 Neck/Bip001 R Clavicle/Bip001 R UpperArm/Bip001 R Forearm/Bip001 R Hand/Bip001 R Finger0/Bip001 R Finger01","RootNode/Bip001/Bip001 Pelvis/Bip001 Spine/Bip001 Spine1/Bip001 Neck/Bip001 L Clavicle/Bip001 L UpperArm/Bip001 L Forearm","RootNode/Bip001/Bip001 Pelvis/Bip001 Spine/Bip001 Spine1/Bip001 Neck/Bip001 L Clavicle/Bip001 L UpperArm/Bip001 L Forearm/Bip001 L Hand/Bip001 L Finger0","RootNode/Bip001/Bip001 Pelvis/Bip001 Spine/Bip001 Spine1/Bip001 Neck/Bip001 L Clavicle/Bip001 L UpperArm/Bip001 L Forearm/Bip001 L Hand/Bip001 L Finger0/Bip001 L Finger01"],[[[7,4.371138828673793e-8,-0.04899996519088745,-0.9987987875938416,0,-6.123234262925839e-17,-0.9987987875938416,0.04899996519088745,0,-1,-2.141856692006172e-9,-4.3658882731278936e-8,0,0.02790239453315735,0.00628758454695344,-0.02861582674086094,1],[7,-0.04899996519088745,4.3658882731278936e-8,-0.9987987875938416,0,-0.9987987875938416,-4.5853248309413175e-8,0.04899996519088745,0,-4.3658886283992615e-8,1,4.5853248309413175e-8,0,-0.0240061953663826,-0.00016744011372793466,-0.028615828603506088,1],[7,4.371138828673793e-8,0.04900270700454712,-0.998798668384552,0,-6.123234262925839e-17,-0.998798668384552,-0.04900270700454712,0,-1,2.1419765960928316e-9,-4.36588720731379e-8,0,0.02790239080786705,0.006287585943937302,0.0286157988011837,1],[7,-2.1068972344551185e-8,0.0000013735137827097788,-1,0,0.07253024727106094,-0.9973661303520203,-0.0000013714244460061309,0,-0.9973662495613098,-0.07253024727106094,-7.86078260262002e-8,0,0.11435721069574356,0.009685778990387917,-0.02827335149049759,1],[7,5.662467827960427e-8,0.000001372506176267052,-1,0,0.016022076830267906,-0.9998716711997986,-0.0000013714228543904028,0,-0.999871551990509,-0.016022078692913055,-7.860781892077284e-8,0,0.19997432827949524,0.003204406937584281,-0.02827335149049759,1],[7,-2.7537720370673924e-7,0.0000013661548337040585,-1,0,0.016022076830267906,-0.9998716711997986,-0.0000013703914873985923,0,-0.999871551990509,-0.016022078692913055,2.5345323706460476e-7,0,0.19997432827949524,0.003204406937584281,0.028273314237594604,1],[7,-3.5218042171436537e-7,0.0000013483971770256176,-1,0,0.07253024727106094,-0.9973661303520203,-0.0000013703896684091887,0,-0.9973662495613098,-0.07253024727106094,2.534532654863142e-7,0,0.11435721814632416,0.009685778990387917,0.028273314237594604,1],[7,4.851649038073447e-8,-0.0000014035521189725841,1,0,-0.035390108823776245,-0.9993736147880554,-0.0000014009559663463733,0,0.9993735551834106,-0.035390112549066544,-9.815796886414319e-8,0,-0.22068306803703308,0.00784805417060852,2.1767368352243466e-8,1],[7,0.0000013867999086869531,0.0000027577068522077752,1,0,6.123234262925839e-17,-1,0.0000027577068522077752,0,1,-3.8243271396898315e-12,-0.0000013868001360606286,0,-0.19999998807907104,7.648776360544285e-13,2.7736001584344194e-7,1],[7,-1.6969124772003852e-7,-0.0000014132363048702246,1,0,0.12378022819757462,-0.9923096895217896,-0.0000013813635177939432,0,0.9923096895217896,0.12378023564815521,3.433169695199467e-7,0,-0.26025575399398804,-0.03387313336133957,-9.395052558147654e-8,1],[7,0.000001370906943520822,1,-6.123234262925839e-17,0,-1,0.000001370906943520822,6.123225660247469e-17,0,6.123234262925839e-17,6.123225660247469e-17,1,0,3.173834523012422e-39,-1.2246468525851679e-17,-0.19999998807907104,1],[7,0.0000013430886838250444,-0.000001402693328600435,1,0,6.123234262925839e-17,-1,-0.000001402693328600435,0,1,1.8840029362976463e-12,-0.0000013430887975118821,0,-0.3386670649051666,0.01173066720366478,4.754638496251573e-7,1],[7,1.5596921087990268e-8,-4.0790886224328915e-9,-1,0,-0.9909771680831909,0.13403020799160004,-1.6002916325419392e-8,0,0.13403019309043884,0.9909772276878357,-1.951825590040812e-9,0,0.008639190346002579,-0.2871951758861542,-0.003302530385553837,1],[7,2.17043790939897e-7,-0.0000014199836186890025,1,0,-0.15832139551639557,-0.9873876571655273,-0.000001367711433886143,0,0.9873876571655273,-0.15832139551639557,-4.391201571252168e-7,0,-0.31962019205093384,0.06520096212625504,1.6890909648736852e-7,1],[7,-0.9485144019126892,-0.000001340687958872877,0.3167341947555542,0,-0.039456967264413834,0.9922108054161072,-0.11815639585256577,0,-0.3142669200897217,-0.12457041442394257,-0.9411262273788452,0,0.08695398271083832,0.029901066794991493,0.30090078711509705,1],[7,-0.7680574059486389,-0.05365787073969841,0.6381290555000305,0,-0.0057912832126021385,0.997024655342102,0.07686561346054077,0,-0.6403548121452332,0.05534161627292633,-0.7660828828811646,0,0.1609424501657486,-0.02717585302889347,0.26024898886680603,1],[7,-0.8849770426750183,0.4656343460083008,-2.2718134573551652e-7,0,1.4901158351676713e-7,-2.0468733907819114e-7,-1,0,-0.4656343460083008,-0.8849770426750183,1.1175872316471214e-7,0,0.11712684482336044,0.2948153018951416,0.008519081398844719,1],[7,-0.8849771618843079,0.46563422679901123,-2.2718135994637123e-7,0,1.49011640360186e-7,-2.0468732486733643e-7,-1,0,-0.46563422679901123,-0.8849771618843079,1.1175872316471214e-7,0,0.08137809485197067,0.2948153614997864,0.00851907953619957,1],[7,0.9485145211219788,-0.0000013797204019283527,0.31673386693000793,0,-0.03945436701178551,0.9922108054161072,0.1181572675704956,0,-0.3142669200897217,-0.12457041442394257,0.9411262273788452,0,0.08695398271083832,0.02990107052028179,-0.30090078711509705,1],[7,-1.5066149217091152e-7,1.614523803539214e-8,-1,0,-0.3208686411380768,-0.947123646736145,3.305101259343246e-8,0,-0.947123646736145,0.3208686411380768,1.478755820016886e-7,0,0.36576488614082336,-0.022842640057206154,-5.131156299853501e-8,1],[7,0.33654993772506714,-0.9098988771438599,0.2425248920917511,0,-0.22826533019542694,-0.32869699597358704,-0.9164352416992188,0,-0.9135802984237671,-0.25306621193885803,0.3183213770389557,0,0.3251253068447113,0.04061628133058548,-0.11394482105970383,1],[7,0.33654987812042236,-0.9098988175392151,0.2425248622894287,0,-0.22826531529426575,-0.32869696617126465,-0.9164352416992188,0,-0.9135801196098328,-0.25306615233421326,0.3183213770389557,0,0.3045700490474701,0.040616292506456375,-0.11394481360912323,1],[7,1.8933151579858531e-7,1.0000001192092896,-1.0558188279219394e-7,0,-0.3426055312156677,-3.432596074048888e-8,-0.9394791126251221,0,-0.9394791126251221,2.14046067981144e-7,0.3426055312156677,0,0.19992032647132874,-4.9508976474044175e-8,-0.10414676368236542,1],[7,-0.4520820081233978,-0.07733358442783356,-0.8886176347732544,0,0.03506617248058319,-0.9970054626464844,0.0689263716340065,0,-0.8912866711616516,-4.4703490686970326e-8,0.45343998074531555,0,0.18174073100090027,-0.006948268041014671,-0.13696520030498505,1],[7,3.160504888910509e-7,-1.0000001192092896,5.691949240826943e-7,0,0.49519801139831543,6.510127832370927e-7,0.8687801957130432,0,-0.8687801361083984,7.285735126316695e-9,0.49519801139831543,0,0.1796143651008606,-2.146151700799237e-8,-0.13923250138759613,1],[7,-4.631557999346114e-7,-1.0000001192092896,-9.592171181793674e-7,0,0.27073514461517334,-0.0000010487864301467198,0.9626539349555969,0,-0.9626538753509521,1.8616501051837986e-7,0.2707351744174957,0,0.17545928061008453,2.5911393919386683e-8,-0.099814273416996,1],[7,2.3392757952933607e-7,1.0000001192092896,-6.78395153386191e-8,0,-0.18256379663944244,-2.3992692277374772e-8,-0.9831938743591309,0,-0.9831938147544861,2.42381304360606e-7,0.18256379663944244,0,0.17451079189777374,-5.661105362264607e-8,-0.07634507119655609,1],[7,-0.29265397787094116,-0.05172043666243553,-0.9548184275627136,0,0.01515656802803278,-0.9986616969108582,0.049449775367975235,0,-0.9560981392860413,-9.75560681126808e-8,0.29304614663124084,0,0.16351790726184845,-0.005466461181640625,-0.11058032512664795,1],[7,-0.1854018121957779,-0.2753048539161682,-0.9433101415634155,0,0.053093865513801575,-0.9613572955131531,0.27013662457466125,0,-0.9812276363372803,-1.6391292945172609e-7,0.19285434484481812,0,0.1468181610107422,-0.020189611241221428,-0.09313374012708664,1],[7,-0.1854018121957779,-0.2753048539161682,-0.9433101415634155,0,0.053093865513801575,-0.9613572955131531,0.27013662457466125,0,-0.9812276363372803,-1.6391292945172609e-7,0.19285434484481812,0,0.12227239459753036,-0.020189616829156876,-0.09313375502824783,1],[7,-3.0101908521373844e-8,-1.0000001192092896,1.5552033971744095e-7,0,0.13820402324199677,1.4986775909164862e-7,0.9904037117958069,0,-0.9904035925865173,5.1306596304812047e-8,0.13820403814315796,0,0.1579490602016449,-1.244324554505738e-8,-0.07920227199792862,1],[7,-1.1752462825143084e-7,-1.0000001192092896,2.4294342892972054e-7,0,0.13820411264896393,2.2436974234096851e-7,0.9904037117958069,0,-0.9904035925865173,1.4997266362115624e-7,0.13820412755012512,0,0.13111332058906555,-2.9613735463840385e-8,-0.07920227944850922,1],[7,2.4346348936887807e-7,-1.0000001192092896,-5.571994279307546e-7,0,0.06961220502853394,-5.388997692534758e-7,0.9975741505622864,0,-0.9975740313529968,-2.816607889144507e-7,0.06961220502853394,0,0.1599186360836029,3.546780646956904e-8,0.03747048228979111,1],[7,2.4346346094716864e-7,-1.0000001192092896,-5.571993710873357e-7,0,0.06961219012737274,-5.388997692534758e-7,0.997573971748352,0,-0.997573971748352,-2.816607889144507e-7,0.06961219757795334,0,0.13732244074344635,3.458915998066914e-8,0.037470489740371704,1],[7,-3.706338702613721e-8,-1.6505818223322422e-7,-1,0,0.9934088587760925,0.11462464928627014,-5.573884109821847e-8,0,0.11462464928627014,-0.9934088587760925,1.5972190681168286e-7,0,-0.10894107818603516,0.4571993947029114,-5.188396201560863e-8,1],[7,-2.4270542553495034e-7,2.030208179348847e-8,-1,0,0.6770560145378113,-0.7359314560890198,-1.7926613793406432e-7,0,-0.735931396484375,-0.6770560145378113,1.6486893628098187e-7,0,0.2906617522239685,0.37764444947242737,-4.206705739306926e-8,1],[7,-1.390442321280716e-7,-6.022292353691228e-8,-1,0,0.18772178888320923,-0.9822222590446472,3.305065732206458e-8,0,-0.9822221398353577,-0.18772181868553162,1.4787751467792987e-7,0,0.4179098904132843,0.1852591633796692,-5.13123019629802e-8,1],[7,-1.5066149217091152e-7,1.614523803539214e-8,-1,0,-0.3208686411380768,-0.947123646736145,3.305101259343246e-8,0,-0.947123646736145,0.3208686411380768,1.478755820016886e-7,0,0.4161258637905121,-0.02284262515604496,-5.131156299853501e-8,1],[7,0.04900270700454712,-4.3658882731278936e-8,-0.998798668384552,0,-0.998798668384552,-4.5853361996250896e-8,-0.04900270700454712,0,-4.36588720731379e-8,1,-4.5853369101678254e-8,0,-0.0240061953663826,-0.00016744011372793466,0.0286157988011837,1],[7,0.7680574059486389,0.05365513637661934,0.6381292939186096,0,-0.005789177492260933,0.9970248937606812,-0.0768638625741005,0,-0.6403548121452332,0.05534161999821663,0.7660828828811646,0,0.16094247996807098,-0.02717585489153862,-0.26024895906448364,1],[7,0.8849774599075317,-0.46563413739204407,4.062573282226367e-7,0,2.086163561898502e-7,-4.7598868491149915e-7,-1.0000001192092896,0,-0.465634286403656,-0.8849772214889526,3.2410036965302425e-7,0,0.11719141900539398,0.2947813868522644,0.008519012480974197,1],[7,0.8849776387214661,-0.4656340181827545,4.062573850660556e-7,0,2.0861646987668792e-7,-4.7598868491149915e-7,-1.0000001192092896,0,-0.46563413739204407,-0.884977400302887,3.2410036965302425e-7,0,0.08144266903400421,0.2947814464569092,0.008519010618329048,1],[7,-0.33654990792274475,0.909898579120636,-0.24252499639987946,0,-0.22826512157917023,-0.3286970555782318,-0.9164350032806396,0,-0.9135801196098328,-0.25306615233421326,0.318321168422699,0,0.32535818219184875,0.03998677805066109,-0.11377697438001633,1],[7,-0.33654987812042236,0.9098984599113464,-0.24252499639987946,0,-0.22826510667800903,-0.32869699597358704,-0.9164350628852844,0,-0.913580060005188,-0.25306612253189087,0.318321168422699,0,0.30480289459228516,0.03998678922653198,-0.11377696692943573,1],[7,0.4519859254360199,-0.08958990126848221,0.8875147700309753,0,0.040657151490449905,0.9959788918495178,0.07983322441577911,0,-0.8910978436470032,3.280292162344267e-7,0.4538109600543976,0,0.1817328929901123,0.00765672791749239,-0.13694430887699127,1],[7,0.29265159368515015,-0.05172059312462807,0.9548189043998718,0,0.01515671797096729