[1,["96Me9RVhdGLaNoH+0w6FKc@6c48a","f9hPrX1kxAy6qi974SW3NP@1f586","3aRPkmT0JDYKnmt+6CHpKZ","f9hPrX1kxAy6qi974SW3NP@c82ec","f9hPrX1kxAy6qi974SW3NP@438fe","f9hPrX1kxAy6qi974SW3NP@989ed","f9hPrX1kxAy6qi974SW3NP@79e35","f9hPrX1kxAy6qi974SW3NP@b4251","f9hPrX1kxAy6qi974SW3NP@cf5ee","a7YStUNeNCOKGpSntUY1g5"],["_parent","node","root","data","_mesh","_skeleton","_defaultClip","mainTexture","shadeMap1","shadeMap2","_effectAsset"],[["cc.Node",["_name","_prefab","_euler","_parent","_lpos","_children","_lrot","_components","_lscale"],2,4,5,1,5,2,5,9,5],["cc.Node",["_name","_parent","_children","_prefab","_lpos","_lrot","_euler","_lscale"],2,1,9,4,5,5,5,5],["cc.Prefab",["_name"],2],["cc.SkeletalAnimation",["playOnLoad","node","__prefab","_clips","_defaultClip"],2,1,4,3,6],["cc.CompPrefabInfo",["fileId"],2],["cc.PrefabInfo",["fileId","root","asset"],2,1,1],["cc.SkinnedMeshRenderer",["node","__prefab","_materials","lightmapSettings","_skinningRoot","_mesh","_skeleton"],3,1,4,3,4,1,6,6],["cc.ModelLightmapSettings",[],3],["cc.Material",["_states","_defines","_props"],1,12],["cc.Skeleton",["_name","_hash","_joints","_bindposes"],0,12],["cc.Mesh",["_native","_hash","_struct"],1,11]],[[5,0,1,2,2],[1,0,1,2,3,4,5,6,2],[0,0,3,5,1,4,6,2,2],[0,0,3,1,4,2],[0,0,3,1,4,2,2],[0,0,5,1,4,6,8,2,2],[0,0,3,1,4,6,2,2],[1,0,1,2,3,4,5,7,6,2],[4,0,2],[2,0,2],[0,0,5,7,1,6,2,2],[0,0,3,5,1,2],[0,0,3,5,1,4,6,8,2,2],[0,0,3,5,1,4,2,2],[0,0,3,7,1,6,2,2],[3,0,1,2,3,4,2],[6,0,1,2,3,4,5,6,1],[7,1],[8,0,1,2,3],[9,0,1,2,3,4],[10,0,1,2,3]],[[[[9,"boomDragon"],[10,"boomDragon",[-3],[[15,true,-2,[8,"f3WQbK3I1V8q4hMLyY5ft0"],[3,4,5,6,7],8]],[0,"5fBzevB2dXFJaZtQaBtZsf",-1,0],[3,-0.27059805007309845,0.6532814824381882,-0.2705980500730985,0.6532814824381883],[1,0,90,-45]],[5,"Bone002",[-4,-5,-6,-7,-8,-9],[0,"f5R3K+pKBQ0IJiitm0eeYN",1,0],[1,0.143537476658821,-2.18152990782983e-7,2.27373670361034e-15],[3,4.998079871267535e-7,1.3855491128072153e-8,0.027710939128814536,0.9996159781897992],[1,0.9965900182724,0.992745995521545,0.981572985649109],[1,0.000057295779218705015,2.4801237381807893e-12,3.1758462586687424]],[11,"RootNode",1,[-10,-11],[0,"44t8rcL+RcCKYxzSNocRtT",1,0]],[5,"Bone001",[2,-12],[0,"71Rl3y7hBTv479EVF5qHhK",1,0],[1,0,-0.0423033721745014,-0.23802475631237],[3,-0.038174629216156664,-0.7060756088178178,0.03817395866390288,0.7060755492131728],[1,1.43537497520447,1.43537497520447,1.43537497520447],[1,-0.00005431042859378124,-90.00000190040895,6.189418196088516]],[2,"Bone010",2,[-13,-14],[0,"d9kVfEmOhZl7Ntucx1lMRG",1,0],[1,0.131321534514427,-0.00341375102289021,0.119785256683826],[3,0.5616527240984878,-0.2675378044222218,0.13649366896238016,0.7709339913707743],[1,70.53775162037168,-34.620719814023,-5.16771787295893]],[2,"Bone010(mirrored)",2,[-15,-16],[0,"55ibcCrwZf1L4H/OpKJ09A",1,0],[1,0.131321594119072,-0.00341374147683382,-0.116435192525387],[3,0.7424925476464116,0.19024960467996982,-0.2399215222366237,0.5957747626211751],[1,102.57493384231886,35.660061676630775,-0.19254561297412878]],[12,"Dummy001",3,[4],[0,"cb1wfn9jtSXJs/CfS3S1vi",1,0],[1,0,0.171659484505653,-0.0407452397048473],[3,-0.7071067811865476,0,0,0.7071067811865476],[1,0.696681976318359,0.696681976318359,0.696681976318359],[1,-90.00000000000003,0,0]],[1,"Bone003",2,[[3,"Bone004",-17,[0,"caNOPFjw9TNoJBn5LnwnBm",1,0],[1,0.0870248377323151,8.58306847817403e-8,8.67361718601358e-21]]],[0,"deuM/+u/Zd2pPLpnWD2ial",1,0],[1,0.198395624756813,2.62260435590633e-8,5.68434175902586e-16],[3,-0.00041522195637716574,-0.000009714292754883778,-0.08344166600578277,0.996512576875244],[1,-0.04817877775509867,-0.005151257381877625,-9.57283978285518]],[1,"Bone011",5,[[6,"Bone012",-18,[0,"4fXCQJtphSxb74WiLBXLBg",1,0],[1,0.0893066897988319,0,-3.55271359939116e-17],[3,-0.00022801324433492393,0.0000011694612447490592,0.005784981824832843,0.9999832408565051],[1,-0.026130480376713863,0.0002851795084660505,0.6629137360019787]]],[0,"403MnL6iFRcJ3uvqW3jQsA",1,0],[1,0.0624148175120354,0,0],[3,-0.05748962461210842,-0.31432394411291553,0.5452973457884298,0.774949163426449],[1,32.46957428377144,-63.926599200225375,61.79911768178139]],[1,"Bone013",5,[[4,"Bone014",-19,[0,"cet6O81IFYYY2B1AoxvpCK",1,0],[1,0.049936581403017,7.62939436071974e-8,-4.76837147544984e-9],[1,-4.268868740146714e-7,-1.9878618419820224e-16,-0.000017075472925031803]]],[0,"35uVu/dsJW8pJAg/3cySs8",1,0],[1,0.0409637056291103,0.00938630104064941,0.0105786705389619],[3,0.02119337955177879,-0.14330877374168036,0.8293993479121888,0.5395462516917956],[1,145.3259972595792,-155.5210355719085,62.7383751371413]],[1,"Bone013(mirrored)",6,[[4,"Bone014(mirrored)",-20,[0,"dcZV+1pQ1Y+IhRuYReuzeM",1,0],[1,0.0499365516006947,-1.14440915410796e-7,4.52995294608627e-8],[1,1.2921003393445548e-14,-4.268868231257967e-7,0.000001707547292503193]]],[0,"5bhOqa3H1e77UQOFI9iert",1,0],[1,0.0409637056291103,-0.00938630104064941,0.0105786714702845],[3,-0.01687271465534146,-0.12221568424754727,-0.8351459231132985,0.5360129897038874],[1,-150.6696255317962,-159.45616973231049,-63.02113196590463]],[1,"Bone011(mirrored)",6,[[6,"Bone012(mirrored)",-21,[0,"e9XD4HWHReMJROWV89jV5u",1,0],[1,0.0893067046999931,-1.90734859017994e-8,-1.90734859017994e-8],[3,0.00022801334623824456,0.0000011880940627214882,-0.0057849515578621636,0.9999832410315563],[1,0.026130504389420644,0.0002873140557602894,-0.6629102671177527]]],[0,"e2uOTd88RWsr9qAaeTnVog",1,0],[1,0.0624148175120354,1.90734859017994e-8,4.76837147544984e-9],[3,0.06290158490835386,-0.3086159757332082,-0.5534805533539005,0.7710115739710507],[1,-32.81281584355986,-64.15023321819763,-63.164297706596145]],[1,"Bone008",2,[[3,"Bone009",-22,[0,"eb36tlLdpUGL0BzDMxWKvc",1,0],[1,0.16103421151638,-3.81469718035987e-8,-1.99999981020937e-8]]],[0,"3blxyOpApbi7WGCAvpnKs2",1,0],[1,0.0687186643481255,-0.0284270066767931,-2.00000016548074e-8],[3,3.315256897791394e-15,2.232376516330609e-15,-0.8294771939506796,0.5585405846630184],[1,179.9999999999989,179.99999999999878,-67.90985883657503]],[7,"Bone019",2,[[3,"Bone020",-23,[0,"223ASUaLdWiJ9ipag2EbLG",1,0],[1,0.0696579739451408,-1.90734859017994e-8,-1.43051144263495e-8]]],[0,"38GdDJ0slWW498KDLeRMg2",1,0],[1,0.188891038298607,0.00749280210584402,0.0673339366912842],[3,0.6707626651018918,-0.22378051513932498,0.11164590087528121,0.6982370091646047],[1,1.00342202186584,1.01877295970917,1.0073070526123],[1,85.6401182177176,-27.850663432100887,-8.296550698722804]],[7,"Bone021",2,[[3,"Bone022",-24,[0,"cbgcUbonlVsb5mpy5QHLfz",1,0],[1,0.0679541379213333,-1.90734859017994e-8,9.53674295089968e-9]]],[0,"33/gsX2MNZAIpOYapTUvfi",1,0],[1,0.190050363540649,0.00777674419805408,-0.0672998055815697],[3,0.6983209042415767,0.11112123393725984,-0.22327622100010214,0.6709304846281775],[1,1.00342202186584,1.01877295970917,1.0073070526123],[1,94.34737806877261,27.7638826168905,-8.303062126353428]],[2,"Bone005",4,[-25],[0,"f0LQ5BuCdQ6oE5sjh3Bf5h",1,0],[1,0.133680105209351,0.186128750443459,2.10000024480905e-7],[3,4.6520932688676113e-7,-2.950287420092828e-7,0.7487982537312272,0.6627979897440557],[1,179.9995004156704,-179.99948660063043,83.02722823267976]],[2,"Bone006",16,[-26],[0,"fdL4lw4sddR5bw13Ht0HzZ",1,0],[1,0.0475980192422867,-3.55271359939116e-17,8.47032928321639e-24],[3,1.8625882913479565e-9,-1.6267606926760728e-11,-0.008735446191543279,0.9999618452620253],[1,2.1344504362683597e-7,4.0726963075313883e-13,-1.001021129143464]],[13,"Bone007",17,[-27],[0,"f3MRl8i2lTp4+lruvjalK8",1,0],[1,0.0600530430674553,0,0],[1,0.000008257585471063709,8.142219984546626e-13,-0.00001024528375501904]],[2,"Bone016",18,[-28],[0,"47LHk3QPNZ5p+IRA669QRY",1,0],[1,0.0739036947488785,9.53674295089968e-9,0],[3,0.00033442571416713516,7.484507619032274e-8,-0.000001952077134686779,0.9999999440778113],[1,0.038322364696144154,0.00000865142169696703,-0.00022368868145408217]],[2,"Bone017",19,[-29],[0,"e1RCwX/ulWl7Xl5VV3+l6H",1,0],[1,0.0656264871358871,3.81469718035987e-8,0],[3,-0.00033486072849855117,0.0000192095922451862,-0.05740183602283642,0.9983510989228647],[1,-0.03843587783238476,-0.00000504122775406111,-6.581383874037951]],[1,"Bone018",20,[[4,"Bone015",-30,[0,"71JE8lkRRUeYQjMH+vPvaz",1,0],[1,0.0541161336004734,1.33514404865309e-7,-1.99675547207789e-8],[1,-0.00005741627771041483,2.484808344821055e-17,4.268868231257965e-7]]],[0,"03636R211f4ps+mftiszKx",1,0],[1,0.0465646721422672,3.81469718035987e-8,-2.32830638449699e-12],[3,-0.012549501931387009,0.00010975040717556429,-0.008738360428737655,0.9998830626694003],[1,-1.4381595860015746,0.000008653234035391092,-1.0014340665239576]],[14,"boomDragon",3,[[16,-31,[8,"7aYf8+6qhbOpP8dNa+NAkk"],[0],[17],1,1,2]],[0,"d49LFU3olYDqCngvJrMtSs",1,0],[3,-0.7071067811865476,0,0,0.7071067811865476],[1,-90.00000000000003,0,0]]],0,[0,2,1,0,1,1,0,-1,3,0,-1,8,0,-2,5,0,-3,6,0,-4,13,0,-5,14,0,-6,15,0,-1,7,0,-2,22,0,-2,16,0,-1,9,0,-2,10,0,-1,11,0,-2,12,0,0,8,0,0,9,0,0,10,0,0,11,0,0,12,0,0,13,0,0,14,0,0,15,0,-1,17,0,-1,18,0,-1,19,0,-1,20,0,-1,21,0,0,21,0,1,22,0,3,1,2,0,4,4,0,7,31],[0,0,0,0,0,0,0,0,0],[-1,4,5,-1,-2,-3,-4,-5,6],[2,3,4,1,5,6,7,8,1]],[[[18,[{"rasterizerState":{},"depthStencilState":{},"blendState":{"targets":[{}]}},{"rasterizerState":{},"depthStencilState":{},"blendState":{"targets":[{}]}},{},{}],[{"USE_INSTANCING":true},{"USE_INSTANCING":true,"USE_BASE_COLOR_MAP":true,"USE_1ST_SHADE_MAP":true,"USE_2ND_SHADE_MAP":true},{},{}],[[{},[{},"mainColor",8,[4,4288124823],"shadeColor1",8,[4,4288124823],"shadeColor2",8,[4,4287532686],"specular",8,[4,16777215],"mainTexture",6,0,"shadeMap1",6,1,"shadeMap2",6,2],{},{}],0,11,0,0]]],0,0,[0,0,0,0],[7,8,9,10],[0,0,0,9]],[[[19,"Skin-0",208945773,["RootNode/Dummy001/Bone001/Bone005/Bone006/Bone007/Bone016","RootNode/Dummy001/Bone001","RootNode/Dummy001/Bone001/Bone005/Bone006/Bone007","RootNode/Dummy001","RootNode/Dummy001/Bone001/Bone005/Bone006/Bone007/Bone016/Bone017/Bone018/Bone015","RootNode/Dummy001/Bone001/Bone005/Bone006/Bone007/Bone016/Bone017/Bone018","RootNode/Dummy001/Bone001/Bone005/Bone006/Bone007/Bone016/Bone017","RootNode/Dummy001/Bone001/Bone005/Bone006","RootNode/Dummy001/Bone001/Bone005","RootNode/Dummy001/Bone001/Bone002","RootNode/Dummy001/Bone001/Bone002/Bone010(mirrored)/Bone011(mirrored)/Bone012(mirrored)","RootNode/Dummy001/Bone001/Bone002/Bone010(mirrored)/Bone011(mirrored)","RootNode/Dummy001/Bone001/Bone002/Bone010(mirrored)","RootNode/Dummy001/Bone001/Bone002/Bone010(mirrored)/Bone013(mirrored)","RootNode/Dummy001/Bone001/Bone002/Bone010/Bone013/Bone014","RootNode/Dummy001/Bone001/Bone002/Bone021","RootNode/Dummy001/Bone001/Bone002/Bone008","RootNode/Dummy001/Bone001/Bone002/Bone021/Bone022","RootNode/Dummy001/Bone001/Bone002/Bone010/Bone011/Bone012","RootNode/Dummy001/Bone001/Bone002/Bone010/Bone011","RootNode/Dummy001/Bone001/Bone002/Bone010","RootNode/Dummy001/Bone001/Bone002/Bone010/Bone013","RootNode/Dummy001/Bone001/Bone002/Bone019","RootNode/Dummy001/Bone001/Bone002/Bone019/Bone020","RootNode/Dummy001/Bone001/Bone002/Bone008/Bone009"],[[[7,2.02734362630963e-8,-0.0006692589959129691,-0.9999998211860657,0,0.9775598645210266,-0.21065829694271088,0.0001410047843819484,0,-0.21065835654735565,-0.9775596261024475,0.000654236355330795,0,-0.3625507354736328,0.15956196188926697,-0.000106856256024912,1],[7,-3.384514357662738e-8,9.555043334330549e-7,-1.0000001192092896,0,0.10781575739383698,0.9941710233688354,9.46285467762209e-7,0,0.9941710233688354,-0.10781575739383698,-1.3666625875430327e-7,0,-0.007013367488980293,-0.010578758083283901,-9.870678496781693e-9,1],[7,-1.3072398985514155e-7,-4.0741753082329524e-7,-1.0000001192092896,0,0.9775590300559998,-0.21066217124462128,-4.1962941565998335e-8,0,-0.21066217124462128,-0.9775590300559998,4.258132548784488e-7,0,-0.288646399974823,0.15956340730190277,-7.824103676057348e-8,1],[7,1.4353752136230469,0,0,0,0,1.4353752136230469,-2.465190328815662e-32,0,0,2.465190328815662e-32,1.4353752136230469,0,0,-0.058484699577093124,-0.2463957518339157,1],[7,0.00007667428144486621,0.02510630339384079,-0.9996848702430725,0,0.9968096017837524,-0.07979501783847809,-0.0019275351660326123,0,-0.0798182561993599,-0.996495246887207,-0.025032315403223038,0,-0.5461621880531311,0.10081979632377625,0.002497804583981633,1],[7,0.00007667428144486621,0.025105305016040802,-0.9996849894523621,0,0.9968096017837524,-0.07979502528905869,-0.0019274554215371609,0,-0.0798182561993599,-0.9964953660964966,-0.02503132075071335,0,-0.4920460283756256,0.10081994533538818,0.002497683744877577,1],[7,0.00007663942960789427,0.000005976187367195962,-1.0000001192092896,0,0.9952622652053833,-0.09722772240638733,0.00007569527224404737,0,-0.09722772240638733,-0.9952623248100281,-0.000013399349882092793,0,-0.44364362955093384,0.10943520069122314,-0.00003340590774314478,1],[7,-1.307240324877057e-7,-2.632954192449688e-7,-1.0000001192092896,0,0.9775590300559998,-0.2106623351573944,-7.232401344481332e-8,0,-0.2106623351573944,-0.9775590300559998,2.8492539172475517e-7,0,-0.22859331965446472,0.15956346690654755,-5.524442414639452e-8,1],[7,-1.352388494524348e-7,-2.5724673946569965e-7,-1.0000001192092896,0,0.9737295508384705,-0.2277083843946457,-7.310880079103299e-8,0,-0.2277083843946457,-0.9737295508384705,2.812836896737281e-7,0,-0.17817281186580658,0.16353273391723633,-5.4650001857226016e-8,1],[7,1.9207872625770506e-8,-4.441026746349053e-8,-1.0187729597091675,0,0.16328464448451996,0.9938807487487793,-4.114362184282072e-8,0,0.9900471568107605,-0.1639169156551361,2.6550841525363467e-8,0,-0.15142202377319336,-0.002237920416519046,-7.792592349176175e-9,1],[7,0.902117133140564,0.26474910974502563,-0.37968772649765015,0,-0.26751288771629333,-0.38194915652275085,-0.8940397500991821,0,-0.3824569582939148,0.8916323781013489,-0.2702411413192749,0,-0.08502276241779327,-0.3131658434867859,0.1927613765001297,1],[7,0.9052757620811462,0.2544267773628235,-0.37955278158187866,0,-0.27199894189834595,-0.3784264624118805,-0.8942054510116577,0,-0.37192800641059875,0.8960282206535339,-0.26988285779953003,0,0.0005777878104709089,-0.3122122585773468,0.1926293671131134,1],[7,0.5820688009262085,-0.8073077201843262,0.1803530603647232,0,0.13068056106567383,-0.12873971462249756,-0.9908560514450073,0,0.8132118582725525,0.5985308885574341,0.03013695403933525,0,-0.2986126244068146,-0.06849762052297592,0.015295886434614658,1],[7,0.48503580689430237,0.8865597248077393,-0.07212720811367035,0,-0.10365765541791916,-0.025124970823526382,-1.00166916847229,0,-0.8763932585716248,0.4936341345310211,0.07855650782585144,0,0.20091351866722107,-0.280080646276474,0.027410337701439857,1],[7,-0.5099819898605347,0.8730523586273193,0.05966739356517792,0,0.014295266941189766,0.0781276598572731,-1.0040761232376099,0,-0.868740439414978,-0.5112276077270508,-0.05154915153980255,0,0.1384338140487671,0.2841093838214874,0.0634857565164566,1],[7,0.4569779336452484,-0.8873574137687683,0.002396834082901478,0,0.0005533845978789032,-0.002402599435299635,-0.9998944401741028,0,0.893156886100769,0.4540121257305145,-0.000606807298026979,0,-0.3286759555339813,-0.09293489158153534,0.06522463262081146,1],[7,3.3833785550996254e-8,3.448261409744191e-8,-1.0187729597091675,0,-0.9817280173301697,-0.22246430814266205,-4.1140058471000884e-8,0,-0.22308172285556793,0.9790109992027283,2.6534697994406997e-8,0,0.05909804254770279,-0.213828906416893,1.2210937150314294e-8,1],[7,0.4569779336452484,-0.8873574137687683,0.002396834082901478,0,0.0005533845978789032,-0.002402599435299635,-0.9998944401741028,0,0.893156886100769,0.4540121257305145,-0.000606807298026979,0,-0.39663007855415344,-0.09293487668037415,0.06522462517023087,1],[7,-0.9216957092285156,0.25371554493904114,0.33955347537994385,0,-0.18589702248573303,0.4876728653907776,-0.8616324663162231,0,-0.38526198267936707,-0.8422980904579163,-0.39658740162849426,0,-0.09387289732694626,0.29397132992744446,0.2232619673013687,1],[7,-0.9247192144393921,0.24314406514167786,0.3394295871257782,0,-0.19163106381893158,0.48511549830436707,-0.8618268370628357,0,-0.37530821561813354,-0.8467792272567749,-0.3962724208831787,0,-0.008046973496675491,0.2929263114929199,0.22314566373825073,1],[7,-0.5646553039550781,-0.8070614337921143,-0.23018962144851685,0,0.04543265327811241,0.24936270713806152,-0.9755852222442627,0,0.8341190814971924,-0.5599209666252136,-0.10268842428922653,0,-0.30048513412475586,0.04973801597952843,0.04511430114507675,1],[7,-0.5099816918373108,0.8730524778366089,0.059667401015758514,0,0.014295288361608982,0.0781276524066925,-1.0040761232376099,0,-0.8687404990196228,-0.5112273693084717,-0.05154915153980255,0,0.1883704960346222,0.2841094434261322,0.0634857565164566,1],[7,-0.4583165943622589,-0.8866633176803589,-0.002387368818745017,0,0.0005524950684048235,0.0023934240452945232,-0.9998942613601685,0,0.8924915194511414,-0.4553251564502716,-0.0006069908849895,0,-0.32758060097694397,0.09289330989122391,0.06475846469402313,1],[7,-0.4583165943622589,-0.8866634368896484,-0.002387368818745017,0,0.0005524950684048235,0.0023934240452945232,-0.9998942613601685,0,0.8924915790557861,-0.455325186252594,-0.0006069908849895,0,-0.3972386121749878,0.09289334714412689,0.06475846469402313,1],[7,3.3833785550996254e-8,3.448261409744191e-8,-1.0187729597091675,0,-0.9817280173301697,-0.22246430814266205,-4.1140058471000884e-8,0,-0.22308172285556793,0.9790109992027283,2.6534697994406997e-8,0,-0.10193616896867752,-0.21382887661457062,3.2210934364229615e-8,1]],8,8,8,8,8,8,8,8,8,8,8,8,8,8,8,8,8,8,8,8,8,8,8,8,8]]],0,0,[],[],[]],[[[20,".bin",2240484388,[{"primitives":[{"primitiveMode":7,"jointMapIndex":0,"vertexBundelIndices":[0],"indexView":{"offset":17568,"length":2136,"count":1068,"stride":2}}],"vertexBundles":[{"view":{"offset":0,"length":17568,"count":244,"stride":72},"attributes":[{"name":"a_position","format":32,"isNormalized":false},{"name":"a_normal","format":32,"isNormalized":false},{"name":"a_texCoord","format":21,"isNormalized":false},{"name":"a_tangent","format":44,"isNormalized":false},{"name":"a_joints","format":42,"isNormalized":false},{"name":"a_weights","format":44,"isNormalized":false}]}],"jointMaps":[[0,1,2,5,6,7,8,9,11,12,13,15,16,19,20,21,22]]},"minPosition",8,[1,-0.24119435250759125,-0.15065667033195496,-0.00022385541524272412],"maxPosition",8,[1,0.24119435250759125,0.5794872641563416,0.3950241804122925]]],-1],0,0,[],[],[]]]]
